DATE,OPEN,HIGH,LOW,CLOSE,VOLUME
15/05/1997,0.121875,0.125000,0.096354,0.097917,1443120000
16/05/1997,0.098438,0.098958,0.085417,0.086458,294000000
19/05/1997,0.088021,0.088542,0.081250,0.085417,122136000
20/05/1997,0.086458,0.087500,0.081771,0.081771,109344000
21/05/1997,0.081771,0.082292,0.068750,0.071354,377064000
22/05/1997,0.071875,0.072396,0.065625,0.069792,235536000
23/05/1997,0.070313,0.076042,0.066667,0.075000,318744000
24/05/1997,0.075521,0.082292,0.072917,0.079167,173952000
25/05/1997,0.081250,0.081771,0.076563,0.076563,91488000
26/05/1997,0.077083,0.077083,0.073958,0.075260,69456000
27/05/1997,0.075000,0.075521,0.073958,0.075000,51888000
28/05/1997,0.075521,0.076563,0.075000,0.075521,11832000
29/05/1997,0.076563,0.076563,0.073958,0.073958,23664000
30/05/1997,0.073958,0.074479,0.069792,0.070833,61608000
31/05/1997,0.070833,0.077083,0.068750,0.077083,113448000
01/06/1997,0.075781,0.085417,0.075521,0.082813,156144000
02/06/1997,0.082813,0.085417,0.082813,0.084375,47040000
03/06/1997,0.085417,0.085417,0.076563,0.079167,109176000
04/06/1997,0.079688,0.080208,0.076563,0.077083,23760000
05/06/1997,0.079167,0.082292,0.077604,0.080208,32640000
06/06/1997,0.081250,0.081250,0.079167,0.079167,13872000
07/06/1997,0.080208,0.080208,0.078125,0.078646,18264000
08/06/1997,0.079948,0.079948,0.074740,0.075260,94128000
09/06/1997,0.076042,0.076823,0.075000,0.075521,49296000
10/06/1997,0.075521,0.076563,0.075000,0.075521,20064000
11/06/1997,0.076563,0.077604,0.075000,0.076302,67752000
12/06/1997,0.077083,0.077083,0.073958,0.075000,20952000
13/06/1997,0.075260,0.076302,0.073958,0.075521,15024000
14/06/1997,0.076302,0.076302,0.074479,0.075521,42120000
15/06/1997,0.076042,0.076042,0.075260,0.075521,63792000
16/06/1997,0.075781,0.075781,0.073958,0.074479,23760000
17/06/1997,0.075521,0.079948,0.073958,0.077083,54936000
18/06/1997,0.077083,0.077083,0.075521,0.075781,25848000
19/06/1997,0.075781,0.079688,0.075521,0.079427,77640000
20/06/1997,0.079948,0.095833,0.079688,0.095573,251544000
21/06/1997,0.091667,0.101042,0.091667,0.100000,161064000
22/06/1997,0.102083,0.116667,0.102083,0.115104,310344000
23/06/1997,0.115104,0.119271,0.113542,0.116146,165240000
24/06/1997,0.116667,0.128646,0.116667,0.128125,181032000
25/06/1997,0.126042,0.126042,0.110417,0.114583,210624000
26/06/1997,0.116146,0.116667,0.105729,0.106771,92088000
27/06/1997,0.106771,0.123958,0.106771,0.121875,185496000
28/06/1997,0.122396,0.124740,0.115104,0.116667,60480000
29/06/1997,0.117188,0.117188,0.107813,0.110938,63384000
30/06/1997,0.109375,0.110938,0.107813,0.107813,15600000
01/07/1997,0.108854,0.109896,0.107292,0.109115,11496000
02/07/1997,0.108333,0.109375,0.103125,0.106771,31272000
03/07/1997,0.109375,0.116667,0.108854,0.114583,65184000
04/07/1997,0.115104,0.115625,0.110938,0.113021,24336000
05/07/1997,0.110938,0.112500,0.110938,0.111458,12408000
06/07/1997,0.111458,0.119792,0.110938,0.116146,51480000
07/07/1997,0.118229,0.125000,0.116667,0.123958,96288000
08/07/1997,0.125000,0.125260,0.121354,0.122396,50352000
09/07/1997,0.121875,0.121875,0.116667,0.119792,29088000
10/07/1997,0.117188,0.120833,0.112500,0.120833,71760000
11/07/1997,0.118750,0.120573,0.115104,0.115625,53424000
12/07/1997,0.116667,0.116667,0.107292,0.110417,60648000
13/07/1997,0.110417,0.115625,0.109375,0.112500,24864000
14/07/1997,0.112500,0.113021,0.106250,0.108854,40680000
15/07/1997,0.108333,0.115104,0.105208,0.114583,44232000
16/07/1997,0.114583,0.116667,0.112500,0.116406,24792000
17/07/1997,0.114063,0.115104,0.109896,0.109896,11424000
18/07/1997,0.111458,0.111458,0.108333,0.109896,11808000
19/07/1997,0.108854,0.112500,0.105990,0.107813,20832000
20/07/1997,0.106771,0.107813,0.096875,0.105729,31944000
21/07/1997,0.102604,0.102604,0.098438,0.102083,35688000
22/07/1997,0.104688,0.110417,0.102604,0.108333,20064000
23/07/1997,0.109375,0.109375,0.103646,0.108333,19992000
24/07/1997,0.106771,0.108594,0.103646,0.105729,12480000
25/07/1997,0.105208,0.106250,0.104688,0.106250,14256000
26/07/1997,0.105208,0.113021,0.105208,0.110938,22536000
27/07/1997,0.111979,0.117708,0.111458,0.117188,51480000
28/07/1997,0.115365,0.116146,0.112500,0.115885,27840000
29/07/1997,0.115104,0.119792,0.114063,0.118750,22944000
30/07/1997,0.118229,0.118750,0.116146,0.116927,14448000
31/07/1997,0.117188,0.118750,0.116667,0.117708,14640000
01/08/1997,0.117188,0.120833,0.115625,0.116667,39288000
02/08/1997,0.118229,0.127604,0.117188,0.127604,66960000
03/08/1997,0.129167,0.133333,0.122917,0.125000,38160000
04/08/1997,0.126563,0.151042,0.125000,0.150000,112968000
05/08/1997,0.157031,0.169271,0.151302,0.161979,179424000
06/08/1997,0.165625,0.166406,0.156250,0.165104,77328000
07/08/1997,0.166667,0.166667,0.152083,0.157813,85248000
08/08/1997,0.159375,0.184896,0.157813,0.184375,66672000
09/08/1997,0.183333,0.183854,0.152604,0.154688,111672000
10/08/1997,0.156250,0.177083,0.155990,0.167708,128640000
11/08/1997,0.172917,0.175000,0.166667,0.170313,52152000
12/08/1997,0.171875,0.173438,0.164063,0.164583,42576000
13/08/1997,0.169010,0.204167,0.168750,0.197396,178584000
14/08/1997,0.200000,0.233854,0.197396,0.225000,338760000
15/08/1997,0.224479,0.232292,0.219792,0.231250,153648000
16/08/1997,0.232292,0.240625,0.214583,0.218750,164016000
17/08/1997,0.217188,0.217708,0.202604,0.203906,99360000
18/08/1997,0.203646,0.213021,0.202604,0.208333,54624000
19/08/1997,0.207292,0.209375,0.197917,0.202083,47424000
20/08/1997,0.200000,0.217448,0.190104,0.216927,105096000
21/08/1997,0.221875,0.225000,0.196875,0.201042,99984000
22/08/1997,0.202083,0.208854,0.199479,0.200521,37536000
23/08/1997,0.204167,0.206250,0.198958,0.200781,23280000
24/08/1997,0.200000,0.206250,0.197135,0.206250,40560000
25/08/1997,0.204167,0.209375,0.202083,0.202865,34848000
26/08/1997,0.207292,0.208333,0.199219,0.200260,56136000
27/08/1997,0.200000,0.201042,0.186979,0.187500,79008000
28/08/1997,0.186458,0.203125,0.183333,0.195052,75744000
29/08/1997,0.196354,0.202083,0.196354,0.200000,16296000
30/08/1997,0.203125,0.205208,0.191667,0.198958,30936000
31/08/1997,0.198438,0.198438,0.188542,0.196094,47112000
01/09/1997,0.198958,0.198958,0.180208,0.181250,69624000
02/09/1997,0.180729,0.182813,0.176042,0.181250,50688000
03/09/1997,0.183854,0.193750,0.183333,0.191146,98256000
04/09/1997,0.197917,0.221875,0.192708,0.221354,241920000
05/09/1997,0.220833,0.230990,0.218750,0.226042,104160000
06/09/1997,0.211458,0.228125,0.209375,0.225000,113136000
07/09/1997,0.237500,0.253125,0.227083,0.251302,189840000
08/09/1997,0.240104,0.250521,0.211458,0.213542,121824000
09/09/1997,0.195833,0.250000,0.193750,0.247396,234384000
10/09/1997,0.257292,0.275000,0.250000,0.269531,142536000
11/09/1997,0.260417,0.267708,0.252083,0.256250,95400000
12/09/1997,0.268229,0.272917,0.248438,0.254167,100536000